20180131
20180228
20180330
20180430
20180531
20180629
20180731
20180831
20180928
20181031
20181130
20181228
20190131
20190228
20190329
20190430
20190531
20190628
20190731
20190830
20190930
20191031
20191129
20191230
20200131
20200228
20200331
20200429
20200529
20200630
20200731
20200831
20200929
20201030
20201130
20201230
20210129
20210226
20210331
20210430
20210531
20210630
20210730
20210831
20210930
20211029
20211130
20211230
20220128
20220228
20220331
20220429
20220531
20220630
20220729
20220831
20220930
20221031
20221130
20221229
20230131