20180201
20180302
20180402
20180502
20180601
20180702
20180801
20180903
20181001
20181101
20181203
20190102
20190201
20190304
20190401
20190502
20190603
20190701
20190801
20190902
20191001
20191101
20191202
20200102
20200203
20200302
20200401
20200504
20200601
20200701
20200803
20200901
20201005
20201102
20201201
20210104
20210201
20210302
20210401
20210503
20210601
20210701
20210802
20210901
20211001
20211101
20211201
20220103
20220203
20220302
20220401
20220502
20220602
20220701
20220801
20220901
20221004
20221101
20221201
20230102
20230202